13492.05
13492.05
13492.05
13492.05
13492.05
13492.05
13492.05
13492.05
13492.05
13492.05
13492.05
13492.05
13498.59
13498.59
13498.59
13498.59
13498.59
13498.59
13498.59
13498.59
13498.59
13498.59
13498.59
13498.59
13498.59
13497.79
13497.79
13497.79
13497.79
13497.79
13497.79
13497.79
13497.79
13497.79
13497.79
13497.79
13497.79
13497.79
13497.79
13497.79
13497.79
13497.79
13497.79
13497.79
13497.79
13497.79
13497.79
13497.79
13497.79
13497.79
13497.79
13497.79
13497.79
13497.79
13474.50
13474.50
13474.50
13474.50
13474.50
13474.50
13474.50
13474.50
13474.50
13474.50
13474.50
13474.50
13474.50
13474.50
13474.50
13474.50
13475.17
13475.66
13475.66
13475.66
13475.66
13475.66
13475.66
13475.66
13475.66
13475.66
13475.66
13475.66
13461.27
13461.27
13461.27
13461.27
13461.27
13461.27
13461.27
13461.27
13461.27
13461.27
13461.27
13461.27
13461.27
13461.27
13472.21
13472.21
13472.21
13472.21
13472.21
13472.21
13472.21
13472.21
13472.21
13472.21
13472.21
13472.21
13472.21
13472.21
13472.21
13472.38
13470.30
13470.30
13470.30
13470.30
13470.30
13470.30
13470.30
13470.30
13470.30
13470.30
13470.30
13470.30
13470.30
13469.26
13474.81
13474.81
13474.81
13474.81
13474.81
13474.81
13474.81
13474.81
13474.81
13474.81
13474.81
13474.81
13474.81
13471.88
13471.88
13471.88
13471.88
13471.88
13471.88
13471.88
13471.88
13471.88
13471.88
13471.88
13471.88
13471.88
13471.88
13471.88
13471.88
13471.88
13471.88
13471.88
13471.88
13471.88
13471.88
13471.88
13471.88
13471.88
13471.88
13471.88
13471.88
13459.70
13461.31
13461.31
13461.31
13461.31
13461.31
13461.31
13461.31
13461.31
13461.31
13461.31
13461.31
13461.31
13461.31
13461.31
13460.47
13454.55
13454.55
13454.55
13454.55
13454.55
13454.55
13454.55
13454.55
13454.55
13454.55
13454.55
13454.55
13454.55
13449.64
13449.64
13449.64
13449.64
13449.64
13449.64
13450.30
13449.26
13449.26
13449.26
13449.26
13448.87
13448.87
13448.87
13448.87
13440.00
13440.00
13440.00
13440.00
13440.00
13440.00
13440.00
13440.00
13440.00
13440.00
13440.00
13440.00
13440.00
13446.20
13446.20
13446.20
13446.20
13446.20
13446.20
13446.20
13446.20
13446.20
13446.20
13446.20
13446.20
13446.20
13446.20
13446.71
13449.50
13449.50
13449.50
13449.50
13449.50
13449.50
13449.50
13449.50
13449.50
13449.50
13449.50
13449.50
13449.50
13447.55
13446.71
13446.71
13446.71
13446.71
13446.71
13446.71
13446.71
13446.71
13446.71
13446.71
13446.71
13446.71
13446.71
13445.37
13452.75
13452.75
13452.75
13452.75
13452.75
13452.75
13452.75
13452.75
13452.75
13452.75
13452.75
13452.75
13452.75
13452.75
13459.08
13461.60
13461.60
13461.60
13461.60
13461.60
13461.60
13461.60
13461.60
13461.60
13461.60
13461.60
13461.60
13461.60
13465.46
13473.79
13473.79
13473.79
13473.79
13473.79
13473.79
13473.79
13473.79
13473.79
13473.79
13473.79
13473.79
13534.72
13557.05
13569.54
13569.54
13569.54
13569.54
13569.54
13569.54
13569.54
13569.54
13569.54
13569.54
13569.54
13569.54
13569.54
13569.54
13569.54
13569.54
13569.54
13569.54
13569.54
13569.54
13569.54
13569.54
13569.54
13569.54
13569.54
13569.54
13569.54
13575.77
13579.93
13579.93
13579.93
13579.93
13579.93
13579.93
13579.93
13579.93
13579.93
13579.93
13579.93
13579.93
13579.93
13579.93
13569.33
13569.33
13569.33
13569.33
13569.33
13569.33
13569.33
13569.33
13504.47
13570.13
13570.13
13570.13
13570.13
13570.13
13570.13
13570.13
13570.13
13570.13
13570.13
13570.13
13570.13
13570.13
13570.13
13570.13
13573.54
13574.22
13574.22
13574.22
13574.22
13574.22
13574.22
13574.22
13574.22
13574.22
13574.22
13574.22
13574.22
13574.22
13574.22
13583.02
13583.02
13583.02
13583.02
13583.02
13583.02
13583.02
13583.02
13583.02
13583.02
13583.02
13583.02
13583.02
13582.85
13580.64
13580.64
13580.64
13580.64
13580.64
13580.64
13580.64
13580.64
13580.64
13580.64
13580.64
13580.64
13580.64
13580.64
13581.62
13581.96
13585.08
13585.08
13585.08
13585.08
13585.08
13585.08
13585.08
13585.08
13585.08
13585.08
13585.08
13585.08
13582.15
13581.98
13581.98
13581.98
13581.98
13581.98
13581.98
13581.98
13581.98
13581.98
13581.98
13581.98
13581.98
13581.98
13581.98
13581.98
13581.98
13581.98
13581.98
13581.98
13581.98
13581.98
13596.00
13598.08
13598.08
13598.08
13598.08
13598.08
13598.08
13598.08
13598.08
13598.08
13598.08
13598.08
13598.08
13598.08
13598.08
13629.40
13629.40
13629.40
13629.40
13629.40
13629.40
13629.40
13629.40
13629.40
13629.40
13638.59
13640.06
13640.06
13640.06
13640.06
13640.06
13636.11
13636.11
13636.11
13636.11
13636.11
13636.11
13636.11
13636.11
13636.11
13636.11
13636.11
13636.11
13636.11
13636.44
13639.86
13639.86
13639.86
13639.86
13639.86
13639.86
13639.86
13639.86
13639.86
13639.14
13639.14
13639.14
13639.14
13639.14
13639.14
13639.14
13639.14
13639.14
13639.14
13639.14
13639.14
13639.14
13639.14
13635.71
13635.71
13635.71
13635.71
13635.71
13635.71
13635.71
13635.71
13635.71
13635.71
13635.71
13635.71
13635.71
13635.71
13635.71
13635.71
13635.71
13635.71
13635.71
13635.71
13635.71
13635.71
13635.71
13635.71
13635.71
13635.71
13635.71
13635.71
13635.71
13635.71
13634.40
13634.40
13634.40
13634.40
13634.40
13634.40
13634.40
13630.99
13630.99
13630.99
13630.99
13630.99
13630.99
13629.81
13625.16
13625.16
13625.16
13625.16
13625.16
13625.16
13625.16
13625.16
13625.16
13625.16
13625.16
13625.16
13625.16
13628.28
13625.34
13625.34
13625.34
13625.34
13625.34
13626.85
13631.31
13631.31
13631.31
13631.31
13631.31
13631.31
13631.31
13631.31
13630.82
13630.82
13630.82
13630.82
13630.82
13630.82
13630.82
13630.82
13630.82
13630.82
13630.82
13630.82
13630.82
13630.99
13630.99
13630.99
13630.99
13630.99
13630.99
13630.99
13630.99
13630.99
13630.99
13630.99
13630.99
13630.99
13630.99
13630.99
13634.40
13634.40
13634.40
13634.40
13634.40
13634.40
13634.40
13634.40
13634.40
13634.40
13634.40
13634.40
13634.40
13634.40
13634.89
13636.46
13636.46
13636.46
13636.46
13636.46
13636.46
13636.46
13636.46
13636.46
13636.46
13636.46
13636.46
13636.46
13636.46
13636.46
13636.46
13636.46
13636.46
13636.46
13636.46
13636.46
13636.46
13636.46
13636.46
13636.46
13636.46
13636.46
13636.46
13668.23
13670.31
13670.31
13670.31
13670.31
13670.31
13670.31
13670.31
13670.31
13670.31
13670.31
13670.31
13670.31
13670.31
13674.69
13674.19
13674.19
13674.19
13674.19
13674.19
13674.19
13674.19
13674.19
13674.19
13674.19
13674.19
13674.19
13674.19
13689.37
13689.37
13693.53
13693.53
13693.53
13693.53
13693.53
13693.53
13693.53
13693.53
13693.53
13693.53
13693.53
13693.53
13693.53
13700.42
13700.42
13700.42
13700.42
13700.42
13700.42
13700.42
13700.42
13700.42
13700.42
13700.42
13700.42
13707.76
13707.76
13708.80
13708.80
13708.80
13708.80
13708.80
13708.80
13708.80
13708.80
13708.80
13708.80
13708.80
13708.80
13708.80
13708.80
13659.82
13670.22
13670.22
13670.22
13670.22
13670.22
13670.22
13670.22
13670.22
13670.22
13670.22
13670.22
13676.92
13677.96
13677.96
13677.96
13677.96
13677.96
13677.96
13677.96
13677.96
13677.96
13677.96
13677.96
13677.96
13684.30
13686.65
13686.65
13686.65
13686.65
13686.65
13686.65
13686.65
13686.65
13686.65
13686.65
13686.65
13686.65
13686.65
13686.48
13686.48
13686.48
13686.48
13686.48
13686.48
13686.48
13686.48
13686.48
13686.48
13686.48
13686.48
13686.48
13680.97
13680.97
13680.97
13680.97
13680.97
13680.97
13680.97
13680.97
13680.97
13680.97
13680.97
13680.97
13680.97
13686.88
13686.88
13686.88
13686.88
13686.88
13686.88
13686.88
13686.88
13686.88
13686.88
13686.88
13686.88
13686.88
13686.88
13680.87
13680.87
13680.87
13680.87
13680.87
13680.87
13680.87
13680.87
13680.87
13680.87
13680.87
13680.87
13680.87
13680.87
13680.53
13680.53
13680.53
13680.53
13680.53
13680.53
13680.53
13680.53
13680.53
13680.53
13680.53
13680.53
13680.36
13680.36
13680.36
13680.36
13680.36
13680.36
13680.36
13680.36
13680.36
13680.36
13680.36
13680.36
13680.36
13680.36
13681.57
13681.57
13681.57
13681.57
13681.57
13681.57
13681.57
13681.57
13681.57
13681.57
13681.57
13681.57
13681.57
13681.57
13680.03
13678.56
13678.56
13678.56
13678.56
13678.56
13678.56
13678.56
13678.56
13678.56
13678.56
13678.56
13678.56
13678.56
13645.21
13645.21
13645.21
13645.21
13645.21
13645.21
13645.21
13645.21
13645.21
13645.21
13645.21
13563.44
13563.44
13554.14
13644.21
13644.21
13644.21
13644.21
13644.21
13644.21
13644.21
13644.21
13644.21
13644.21
13644.21
13644.21
13644.21
13644.21
13646.09
13635.37
13635.37
13635.37
13635.37
13635.37
13635.37
13635.37
13635.37
13635.37
13635.37
13635.37
13635.37
13635.37
13635.37
13635.37
13635.37
13635.37
13635.37
13634.36
13598.35
13598.35
13598.35
13598.35
13598.35
13598.35
13598.35
13598.35
13636.09
13624.65
13624.65
13624.65
13624.65
13624.65
13624.65
13624.65
13624.65
13624.65
13624.65
13624.65
13624.65
13618.26
13618.26
13625.22
13625.22
13625.22
13625.22
13625.22
13625.22
13625.22
13625.22
13625.22
13625.22
13625.22
13625.22
13625.22
13625.22
13625.22
13617.59
13617.59
13617.59
13617.59
13617.59
13617.59
13617.59
13617.59
13617.59
13617.59
13617.59
13617.59
13617.59
13620.68
13620.68
13620.68
13620.68
13620.68
13620.68
13620.68
13620.68
13620.68
13620.68
13620.68
13620.68
13620.68
13620.68
13612.36
13612.36
13612.36
13612.36
13612.36
13612.36
13612.36
13612.36
13612.36
13612.36
13612.36
13612.36
13612.36
13612.36
13609.79
13609.79
13609.79
13609.79
13609.79
13609.79
13609.79
13609.79
13609.79
13609.79
13609.79
13609.79
13609.79
13609.79
13609.79
13609.79
13609.79
13609.79
13609.79
13609.79
13609.79
13609.79
13609.79
13609.79
13609.79
13609.79
13609.79
13609.79
13609.79
13600.48
13600.48
13600.48
13600.48
13600.48
13600.48
13600.48
13600.48
13600.48
13600.48
13600.48
13600.48
13600.48
13594.75
13594.75
13591.63
13591.63
13591.63
13591.63
13591.63
13591.63
13591.63
13591.63
13591.63
13591.63
13591.63
13591.63
13593.09
13590.00
13590.00
13590.00
13590.00
13590.00
13590.62
13591.63
13591.63
13591.63
13605.41
13606.92
13606.92
13606.92
13606.92
13606.92
13614.43
13614.43
13614.43
13614.43
13614.43
13614.43
13614.43
13614.43
13614.43
13614.43
13614.43
13614.43
13614.43
13599.63
13599.63
13599.63
13599.63
13599.63
13599.63
13599.63
13599.63
13599.63
13599.63
13599.63
13599.63
13599.63
13599.63
13600.60
13601.98
13601.98
13601.98
13601.98
13601.98
13601.98
13601.98
13601.98
13601.98
13601.98
13601.98
13601.98
13601.98
13605.22
13603.14
13603.14
13603.14
13603.14
13603.14
13603.14
13603.14
13603.14
13603.14
13603.14
13603.14
13603.14
13603.14
13603.14
13603.14
13603.14
13603.14
13603.14
13603.14
13603.14
13603.14
13603.14
13603.14
13603.14
13603.14
13603.14
13603.14
13602.59
13603.63
13603.63
13603.63
13603.63
13603.63
13603.63
13603.63
13603.63
13603.63
13603.63
13603.63
13603.63
13603.63
13601.19
13601.19
13601.19
13601.19
13601.19
13601.19
13601.19
13601.19
13601.19
13601.19
13601.19
13601.19
13601.19
13601.19
13604.72
13624.21
13624.21
13624.21
13624.21
13624.21
13624.21
13624.21
13624.21
13624.21
13624.21
13624.21
13624.21
13624.21
13624.21
13624.21
13644.47
13648.63
13648.63
13648.63
13648.63
13648.63
13648.63
13648.63
13648.63
13648.63
13648.63
13648.63
13648.63
13649.67
13662.73
13662.73
13662.73
13662.73
13662.73
13662.73
13662.73
13662.73
13662.73
13662.73
13662.73
13662.73
13662.73
13662.73
13662.73
13662.73
13662.73
13662.73
13662.73
13662.73
13662.73
13662.73
13662.73
13662.73
13662.73
13662.73
13662.73
13662.08
13662.08
13666.24
13666.24
13666.24
13666.24
13649.98
13543.32
13543.32
13543.32
13543.32
13543.32
13543.32
13543.32
13543.32
13543.32
13543.32
13543.32
13543.32
13543.32
13543.32
13543.32
13543.32
13543.32
13543.32
13543.32
13543.32
13543.32
13543.32
13543.32
13543.32
13636.99
13637.96
13637.96
13637.96
13637.96
13637.96
13637.96
13637.96
13637.96
13637.96
13637.96
13637.96
13637.96
13637.96
13637.96
13637.96
13637.96
13637.96
13637.96
13650.64
13637.96
13637.96
13637.96
13637.96
13637.96
13637.96
13637.96
13637.96
13635.51
13635.51
13635.51
13635.51
13635.51
13635.51
13635.51
13635.51
13635.51
13635.51
13635.51
13635.51
13619.84
13619.84
13619.84
13619.84
13619.84
13619.84
13619.84
13619.84
13619.84
13619.84
13619.84
13619.84
13619.84
13619.84
13619.84
13591.86
13591.86
13591.86
13591.86
13591.86
13591.86
13591.86
13591.86
13591.86
13591.86
13591.86
13591.86
13591.86
13591.86
13594.30
13590.47
13590.47
13590.47
13590.47
13590.47
13590.47
13590.47
13590.47
13590.47
13590.47
13590.47
13590.47
13590.47
13593.90
13597.80
13597.80
13597.80
13597.80
13597.80
13597.80
13597.80
13597.80
13597.80
13597.80
13597.80
13597.80
13597.80
13597.80
13597.80
13597.80
13597.80
13597.80
13597.80
13597.80
13597.80
13597.80
13597.80
13597.80
13597.80
13597.80
13597.80
13597.80
13595.37
13595.37
13595.37
13595.37
13595.37
13595.37
13595.37
13595.37
13595.37
13595.37
13595.37
13595.37
13595.37
13595.37
13571.85
13562.48
13562.48
13562.48
13562.48
13562.48
13562.48
13562.48
13562.48
13562.48
13562.48
13562.48
13562.48
13562.48
13562.48
13542.66
13539.47
13539.47
13539.47
13539.47
13539.47
13539.47
13539.47
13539.47
13539.47
13539.47
13539.47
13539.47
13539.47
13539.47
13541.15
13554.37
13554.37
13554.37
13554.37
13554.37
13554.37
13554.37
13554.37
13554.37
13554.37
13554.37
13554.37
13554.37
13537.76
13537.76
13537.76
13537.76
13537.76
13537.76
13537.76
13537.76
13537.76
13537.76
13537.76
13537.76
13537.76
13537.76
13536.08
13527.17
13527.17
13527.17
13527.17
13527.17
13527.17
13527.17
13527.17
13527.17
13529.12
13529.12
13529.12
13529.12
13529.12
13535.68
13535.68
13535.68
13535.68
13535.68
13535.68
13535.68
13535.68
13535.68
13535.68
13535.68
13535.68
13535.68
13535.68
13535.68
13535.68
13535.68
13535.68
13535.68
13535.68
13535.68
13535.68
13535.68
13535.68
13535.68
13535.68
13535.68
13535.68
13534.85
13534.85
13534.85
13534.85
13534.85
13534.85
13534.85
13534.85
13534.85
13534.85
13534.85
13534.85
13534.85
13534.85
13526.82
13523.70
13523.70
13523.70
13523.70
13523.70
13523.70
13523.70
13523.70
13523.70
13523.70
13523.70
13523.70
13523.70
13520.93
13517.81
13517.81
13517.81
13517.81
13517.81
13516.43
13508.63
13508.63
13508.80
13506.72
13506.72
13506.72
13506.72
13506.72
13507.39
13508.85
13508.85
13508.85
13508.85
13508.85
13508.85
13508.85
13508.85
13508.85
13508.85
13508.85
13508.85
13503.69
13503.69
13503.69
13503.69
13503.69
13503.69
13503.69
13503.69
13503.69
13503.69
13503.69
13503.69
13503.69
13503.69
13503.69
13505.15
13506.19
13506.19
13506.19
13506.19
13506.19
13506.19
13506.19
13506.19
13506.19
13506.19
13506.19
13506.19
13506.19
13506.19
13509.30
13509.30
13509.30
13509.30
13509.30
13509.30
13509.30
13509.30
13509.30
13509.30
13509.30
13509.30
13509.30
13509.30
13509.30
13509.30
13509.30
13509.30
13509.30
13509.30
13509.30
13509.30
13509.30
13509.30
13509.30
13509.30
13509.30
13509.30
13509.30
13521.92
13521.92
13521.92
13521.92
13521.92
13521.92
13521.92
13521.92
13521.92
13521.92
13521.92
13521.92
13521.92
13531.52
13531.52
13531.52
13531.52
13531.52
13531.52
13531.52
13531.52
13531.52
13531.52
13531.52
13531.52
13531.52
13534.64
13535.48
13535.48
13535.48
13535.48
13535.48
13535.48
13535.48
13535.48
13535.48
13535.48
13535.48
13535.48
13535.48
13535.48
13535.48
13538.89
13541.11
13541.11
13541.11
13541.11
13541.11
13541.11
13541.11
13541.11
13541.11
13541.11
13541.11
13541.11
13546.28
13548.79
13548.79
13548.79
13548.79
13548.79
13548.79
13548.79
13548.79
13548.79
13548.79
13548.79
13548.79
13548.79
13548.79
13548.79
13548.79
13548.79
13548.79
13548.79
13548.79
13548.79
13548.79
13548.79
13548.79
13548.79
13548.79
13534.66
13523.01
13523.01
13523.01
13523.01
13523.01
13523.01
13523.01
13523.01
13523.01
13523.01
13523.01
13523.01
13523.01
13523.01
13523.01
13523.01
13523.01
13523.01
13523.01
13523.01
13523.01
13523.01
13523.01
13523.01
13523.01
13523.01
13523.01
13524.64
13521.52
13521.52
13521.52
13521.52
13521.52
13521.52
13521.52
13521.52
13521.52
13521.52
13521.52
13521.52
13521.52
13523.37
13531.69
13536.08
13536.08
13536.08
13536.08
13536.08
13536.08
13536.08
13536.08
13536.08
13536.08
13531.75
13530.77
13530.77
13530.77
13530.77
13530.77
13530.77
13530.77
13530.77
13530.77
13530.77
13530.77
13530.77
13530.77
13530.45
13529.41
13529.41
13529.41
13529.41
13529.41
13529.41
13529.41
13529.41
13529.41
13529.41
13529.41
13529.41
13529.41
13521.57
13521.57
13521.57
13521.57
13521.57
13521.57
13521.57
13521.57
13521.57
13521.57
13521.57
13521.57
13521.57
13523.66
13523.66
13523.66
13523.66
13523.66
13523.66
13523.66
13523.66
13523.66
13523.66
13523.66
13523.66
13523.66
13525.18
13525.18
13525.18
13525.18
13525.18
13525.18
13525.18
13525.18
13525.18
13525.18
13525.18
13525.18
13525.18
13525.18
13526.33
13526.33
13526.33
13526.33
13526.33
13526.33
13526.33
13526.33
13526.33
13526.33
13526.33
13526.33
13523.81
13501.32
13501.32
13501.32
13501.32
13501.32
13501.32
13501.32
13501.32
13501.32
13501.32
13501.32
13501.32
13499.52
13452.71
13452.71
13452.71
13452.71
13452.71
13452.71
13452.71
13452.71
13452.71
13452.71
13452.71
13452.71
13452.71
13452.71
13416.50
13416.50
13416.50
13416.50
13416.50
13416.50
13416.50
13416.50
13416.50
13416.50
13416.50
13416.50
13416.50
13416.50
13408.00
13400.72
13400.72
13400.72
13400.72
13400.72
13400.72
13400.72
13400.72
13400.72
13400.72
13400.72
13400.72
13399.57
13396.45
13396.45
13396.45
13396.45
13396.45
13396.45
13396.45
13396.45
13396.45
13396.45
13396.45
13396.45
13396.45
13395.44
13384.26
13384.26
13384.26
13384.26
13384.26
13384.26
13384.26
13384.26
13384.26
13384.26
13384.26
13384.26
13384.26
13393.62
13396.55
13400.85
13400.85
13400.85
13400.85
13400.85
13400.85
13400.85
13400.85
13400.85
13400.85
13400.85
13400.85
13400.85
13409.50
13416.97
13416.97
13416.97
13569.23
13569.23
13569.23
13569.23
13569.23
13569.23
13569.23
13586.93
13586.93
13586.93
13586.93
13586.93
13586.93
13586.93
13586.93
13586.93
13586.93
13586.93
13586.93
13586.93
13586.93
13586.93
13583.15
13583.15
13583.15
13583.15
13583.15
13583.15
13583.15
13583.15
13583.15
13583.15
13583.15
13583.15
13583.15
13583.15
13583.15
13583.15
13583.15
13583.15
13583.15
13583.15
13583.15
13583.15
13583.15
13583.15
13583.15
13583.15
13583.15
13585.10
13585.60
13585.60
13585.60
13585.60
13585.60
13585.60
13585.60
13585.60
13585.60
13585.60
13585.60
13585.60
13585.60
13585.60
13590.96
13590.80
13590.80
13590.80
13590.80
13590.80
13590.80
13590.80
13590.80
13590.80
13590.80
13590.80
13590.80
13590.80
13590.80
13583.75
13583.75
13583.75
13583.75
13583.75
13583.75
13583.75
13583.75
13583.75
13583.75
13583.75
13583.75
13583.75
13583.41
13581.46
13581.46
13581.46
13581.46
13581.46
13581.46
13581.46
13581.46
13581.46
13581.46
13581.46
13581.46
13581.46
13581.46
13574.15
13572.64
13572.64
13572.64
13572.64
13572.64
13572.64
13572.64
13572.64
13572.64
13572.64
13572.64
13572.64
13572.64
13570.69
13569.82
13569.82
13569.82
13569.82
13569.82
13569.82
13569.82
13569.82
13569.82
13569.82
13569.82
13569.82
13569.82
13569.82
13569.82
13569.82
13569.82
13569.82
13569.82
13569.82
13569.82
13569.82
13569.82
13569.82
13569.82
13569.82
13569.82
13536.31
13536.31
13536.31
13536.31
13536.31
13536.31
13536.31
13536.31
13536.31
13536.31
13536.31
13536.31
13536.31
13536.31
13534.13
13521.26
13521.26
13521.26
13521.26
13521.26
13521.26
13521.26
13521.26
13521.26
13521.26
13521.26
13521.26
13522.23
13520.52
13520.52
13520.52
13520.52
13520.52
13522.54
13523.58
13532.35
13532.35
13533.02
13533.02
13533.02
13533.02
13533.02
13531.56
13531.23
13531.23
13531.23
13531.23
13531.23
13531.23
13531.23
13531.23
13531.23
13531.23
13531.23
13531.23
13533.51
13533.51
13533.51
13533.51
13533.51
13533.51
13533.51
13533.51
13533.51
13533.51
13533.51
13533.51
13533.51
13533.51
13533.51
13533.98
13532.94
13532.94
13532.94
13532.94
13532.94
13532.94
13532.94
13532.94
13532.94
13532.94
13532.94
13532.94
13532.94
13537.82
13538.82
13538.82
13538.82
13538.82
13538.82
13538.82
13538.82
13538.82
13538.82
13538.82
13538.82
13538.82
13538.82
13538.82
13541.51
13541.51
13541.51
13541.51
13566.86
13541.51
13541.51
13541.51
13541.51
13541.51
13541.51
13541.51
13541.51
13556.89
13556.89
13556.89
13556.89
13556.89
13556.89
13556.89
13556.89
13556.89
13556.89
13556.89
13556.89
13556.89
13556.89
13555.88
13555.88
13557.96
13557.96
13557.96
13557.96
13557.96
13557.96
13557.96
13557.96
13557.96
13557.96
13541.46
13541.46
13485.14
13485.14
13485.14
13485.14
13485.14
13485.14
13485.14
13485.14
13485.14
13485.14
13485.14
13485.64
13506.80
13506.80
13506.80
13506.80
13506.80
13506.80
13506.80
13506.80
13506.80
13506.80
13506.80
13506.80
13506.80
13506.80
13511.80
13511.80
13511.80
13511.80
13511.80
13511.80
13511.80
13511.80
13511.80
13511.80
13511.80
13511.80
13511.80
13511.80
13510.02
13507.94
13507.94
13507.94
13507.94
13507.94
13507.94
13507.94
13507.94
13507.94
13507.94
13507.94
13507.94
13507.94
13507.94
13507.94
13526.03
13526.03
13526.03
13526.03
13526.03
13526.03
13526.03
13526.03
13526.03
13526.03
13526.03
13526.03
13542.68
13542.68
13542.68
13542.68
13542.68
13542.68
13542.68
13542.68
13542.68
13542.68
13542.68
13542.68
13542.68
13542.68
13542.68
13542.68
13542.68
13542.68
13541.08
13542.12
13542.12
13542.12
13542.12
13542.12
13542.12
13542.12
13542.12
13542.12
13527.89
13527.89
13527.89
13527.89
13527.89
13527.89
13527.89
13527.89
13527.89
13527.89
13527.89
13527.89
13527.89
13527.89
13536.85
13537.89
13537.89
13537.89
13537.89
13537.89
13537.89
13537.89
13537.89
13537.89
13537.89
13537.89
13537.89
13537.89
13537.89
13537.89
13537.89
13537.89
13537.89
13537.89
13537.89
13537.89
13537.89
13537.89
13537.89
13537.89
13537.89
13535.20
13525.94
13525.94
13525.94
13525.94
13525.94
13525.94
13525.94
13525.94
13525.94
13525.94
13525.94
13525.94
13525.94
13526.95
13532.31
13532.31
13532.31
13532.31
13532.31
13532.31
13532.31
13532.31
13532.31
13532.31
13532.31
13532.31
13532.31
13532.31
13524.87
13524.36
13524.36
13524.36
13524.36
13524.36
13524.36
13524.36
13524.36
13524.36
13524.36
13524.36
13524.36
13520.26
13515.06
13515.06
13515.06
13515.06
13515.06
13515.06
13515.06
13515.06
13515.06
13515.06
13515.06
13515.06
13515.06
13515.06
13515.55
13515.55
13515.55
13515.55
13515.55
13515.55
13515.55
13515.55
13515.55
13515.55
13515.55
13515.55
13515.55
13515.55
13515.55
13515.55
13515.55
13515.55
13515.55
13515.55
13515.55
13515.55
13515.55
13515.55
13515.55
13515.55
13515.55
13516.49
13516.49
13516.49
13516.49
13516.49
13516.49
13516.49
13516.49
13516.49
13516.49
13516.49
13516.49
13516.49
13516.49
13512.57
13506.33
13506.33
13506.33
13506.33
13506.33
13506.33
13506.33
13506.33
13506.33
13506.33
13506.33
13506.33
13506.33
13506.33
13506.33
13506.33
13508.93
13509.97
13509.97
13509.97
13509.97
13509.97
13509.97
13509.97
13509.97
13509.97
13509.97
13509.97
13509.97
13509.97
13509.97
13509.97
13509.97
13509.97
13509.97
13509.97
13509.97
13509.97
13509.97
13509.97
13509.97
13517.06
13517.06
13517.06
13517.06
13517.06
13517.06
13517.06
13517.06
13517.06
13517.06
13517.06
13517.06
13517.06
13515.43
13515.43
13514.39
13514.39
13514.39
13514.39
13514.39
13514.39
13514.39
13514.39
13514.39
13514.39
13514.39
13514.39
13515.53
13514.49
13514.49
13514.49
13514.49
13514.49
13514.49
13514.49
13514.49
13514.49
13514.49
13514.49
13514.49
13514.49
13514.49
13514.49
13514.49
13514.49
13514.49
13514.49
13514.49
13514.49
13514.49
13514.49
13514.49
13514.49
13514.49
13514.49
13516.12
13515.08
13515.08
13515.08
13515.08
13515.08
13515.08
13515.08
13515.08
13515.08
13515.08
13515.08
13515.08
13515.08
13515.08
13515.08
13517.03
13517.03
13517.03
13517.03
13517.03
13517.03
13517.03
13517.03
13517.03
13517.03
13517.03
13517.03
13517.03
13520.15
13519.80
13519.80
13519.80
13519.80
13519.80
13522.18
13525.60
13525.60
13525.60
13526.08
13526.08
13526.08
13526.08
13526.08
13526.08
13526.08
13526.08
13526.08
13526.08
13526.08
13526.08
13526.08
13526.08
13526.08
13526.08
13526.08
13526.08
13526.08
13523.90
13523.90
13523.90
13523.90
13523.90
13523.90
13523.90
13523.90
13523.90
13523.90
13523.90
13523.90
13524.88
13525.21
13523.13
13523.13
13523.13
13523.13
13523.13
13523.13
13523.13
13523.13
13523.13
13523.13
13523.13
13523.13
13518.79
13518.79
13518.79
13518.79
13518.79
13518.79
13518.79
13518.79
13518.79
13518.79
13518.79
13518.79
13518.79
13518.79
13518.79
13518.79
13518.79
13518.79
13518.79
13518.79
13518.79
13518.79
13518.79
13518.79
13518.79
13518.79
13518.79
13518.79
13518.79
13517.03
13517.03
13517.03
13517.03
13517.03
13517.03
13517.03
13517.03
13517.03
13517.03
13517.03
13517.03
13517.03
13517.03
13515.23
13514.19
13514.19
13514.19
13514.19
13514.19
13514.19
13514.19
13514.19
13514.19
13514.19
13514.19
13514.19
13514.19
13509.46
13513.62
13513.62
13513.62
13513.62
13513.62
13513.62
13513.62
13513.62
13513.62
13513.62
13513.62
13513.62
13513.62
13513.62
13517.21
13515.33
13518.25
13518.25
13518.25
13518.25
13518.25
13518.25
13518.25
13518.25
13518.25
13518.25
13518.25
13518.25
13516.79
13516.79
13516.79
13516.79
13516.79
13516.79
13516.79
13516.79
13516.79
13516.79
13516.79
13516.79
13516.79
13516.79
13516.79
13516.29
13514.21
13514.21
13514.21
13514.21
13514.21
13514.21
13514.21
13514.21
13514.21
13514.21
13514.21
13514.21
13514.21
13516.81
13515.77
13515.77
13515.77
13515.77
13515.77
13515.77
13515.77
13515.77
13515.77
13515.77
13515.77
13515.77
13515.77
13514.80
13511.68
13511.68
13511.68
13511.68
13511.68
13511.68
13511.68
13511.68
13511.68
13511.68
13511.68
13511.68
13511.68
13511.68
13504.38
13504.38
13504.38
13504.38
13504.38
13504.38
13504.38
13504.38
13504.38
13504.38
13504.38
13504.38
13504.38
13504.38
13505.42
13505.42
13505.42
13505.42
13505.42
13505.42
13505.42
13505.42
13505.42
13505.42
13505.42
13505.42
13505.42
13504.93
13507.01
13507.01
13507.01
13507.01
13507.01
13507.01
13507.01
13507.01
13507.01
13507.01
13507.01
13507.01
13507.01
13507.01
13507.50
13507.50
13507.50
13507.50
13507.50
13507.50
13507.50
13507.50
13507.50
13507.50
13507.50
13507.50
13507.50
13507.50
13507.99
13508.49
13508.49
13508.49
13508.49
13508.49
13508.49
13508.49
13508.49
13508.49
13508.49
13508.49
13508.49
13508.49
13510.12
13510.12
13510.12
13510.12
13510.12
13510.12
13510.12
13510.12
13510.12
13510.12
13510.12
13510.12
13510.12
13510.12
13510.12
13510.29
13510.29
13510.29
13510.29
13510.29
13510.29
13510.29
13510.29
13510.29
13510.29
13510.29
13510.29
13510.29
13510.29
13510.29
13510.29
13511.33
13511.33
13511.33
13511.33
13511.33
13511.33
13511.33
13511.33
13511.33
13511.33
13511.33
13511.33
13511.33
13507.50
13507.50
13507.50
13507.50
13507.50
13507.50
13507.50
13507.50
13507.50
13507.50
13507.50
13507.50
13507.50
13507.50
13428.91
13426.23
13426.23
13426.23
13426.23
13426.23
13426.23
13426.23
13426.23
13426.23
13426.23
13426.23
13426.23
13426.23
13426.23
13426.23
13426.23
13426.23
13426.23
13426.23
13426.23
13426.23
13426.23
13426.23
13426.23
13426.23
13426.23
13426.23
13425.74
13425.74
13425.74
13425.74
13425.74
13425.74
13425.74
13425.74
13425.74
13425.74
13425.74
13425.74
13425.74
13425.74
13424.90
13413.69
13413.69
13413.69
13413.69
13413.69
13413.69
13413.69
13413.69
13413.69
13413.69
13413.69
13413.69
13413.69
13413.69
13413.69
13413.69
13413.69
13413.69
13413.69
13413.69
13413.69
13413.69
13413.69
13413.69
13413.69
13413.69
13413.69
13413.69
13412.65
13412.65
13412.65
13412.65
13412.65
13412.65
13412.65
13412.65
13412.65
13412.65
13412.65
13412.65
13412.65
13412.65
13410.63
13410.63
13410.63
13410.63
13410.63
13410.63
13410.63
13410.63
13410.63
13410.63
13411.44
13412.48
13412.48
13412.48
13412.48
13412.48
13412.48
13412.48
13412.48
13412.48
13412.48
13512.03
13512.03
13516.91
13517.92
13516.88
13516.88
13516.88
13516.88
13516.88
13516.88
13516.88
13516.88
13516.88
13516.88
13516.88
13516.88
13516.88
13516.88
13510.63
13510.63
13510.63
13510.63
13510.63
13510.63
13510.63
13510.63
13510.63
13510.63
13510.63
13510.63
13510.63
13488.21
13482.67
13478.51
13478.51
13478.51
13478.51
13478.51
13478.51
13478.51
13478.51
13478.51
13478.51
13478.51
13478.51
13478.51
13474.25
13467.91
13467.91
13467.91
13467.91
13467.91
13467.91
13467.91
13467.91
13467.91
13467.91
13467.91
13467.91
13467.91
13467.91
13466.37
13466.85
13466.85
13466.85
13466.85
13466.85
13466.85
13466.85
13466.85
13466.85
13466.85
13466.85
13466.85
13466.85
13481.39
13481.39
13484.51
13484.51
13484.51
13484.51
13484.51
13484.51
13484.51
13484.51
13484.51
13484.51
13484.51
13484.51
13484.51
13489.39
13493.68
13493.68
13493.68
13493.68
13493.68
13493.68
13493.68
13493.68
13493.68
13493.68
13493.68
13493.68
13493.68
13493.68
13493.68
13493.68
13493.68
13493.68
13493.68
13493.68
13493.68
13493.68
13493.68
13493.68
13493.68
13493.35
13495.30
13497.38
13497.38
13497.38
13497.38
13528.58
13528.58
13528.58
13528.58
13528.58
13528.58
13528.58
13528.58
13528.58
13528.58
13528.58
13528.58
13528.58
13528.58
13528.58
13528.58
13528.58
13528.58
13528.58
13528.58
13528.58
13528.58
13528.58
13470.87
13470.87
13470.87
13470.87
13470.87
13470.87
13470.87
13470.87
13470.87
13470.87
13470.87
13470.87
13470.87
13470.87
13483.79
13485.87
13485.87
13485.87
13485.87
13485.87
13485.87
13485.87
13485.87
13485.87
13485.87
13485.87
13485.87
13488.31
13489.85
13489.85
13489.85
13489.85
13489.85
13489.85
13489.85
13489.85
13489.85
13489.85
13489.85
13489.85
13489.85
13489.85
13492.94
13497.81
13497.81
13497.81
13497.81
13497.81
13497.81
13497.81
13497.81
13497.81
13497.81
13497.81
13497.81
13497.81
13490.50
13486.04
13486.04
13486.04
13486.04
13486.04
13486.04
13486.04
13486.04
13488.12
13488.12
13488.12
13488.12
13488.12
13488.12
13488.12
13488.12
13488.12
13488.12
13488.12
13488.12
13488.12
13488.12
13488.12
13488.12
13488.12
13488.12
13488.12
13488.12
13512.99
13512.99
13512.99
13512.99
13512.99
13512.99
13512.99
13512.99
13512.99
13512.99
13512.99
13512.99
13512.99
13512.50
13512.50
13515.62
13515.62
13515.62
13515.62
13515.62
13515.62
13515.62
13515.62
13515.62
13515.62
13515.62
13515.62
13520.04
13520.04
13520.04
13520.04
13520.04
13520.04
13515.30
13515.30
13515.30
13515.30
13515.30
13504.37
13503.33
13503.33
13503.33
13503.33
13503.33
13503.33
13503.33
13503.33
13503.33
13503.33
13503.33
13503.33
13503.33
13503.33
13508.07
13508.07
13508.07
13508.07
13508.07
13508.07
13508.07
13508.07
13508.07
13508.07
13508.07
13508.07
13503.87
13503.87
13503.87
13503.87
13503.87
13503.87
13503.87
13503.87
13503.87
13503.87
13503.87
13503.87
13503.87
13503.87
13503.87
13503.87
13503.87
13503.87
13503.87
13503.87
13503.87
13503.87
13503.87
13503.87
13503.87
13503.87
13503.87
13503.87
13515.32
13515.32
13515.32
13515.32
13515.32
13515.32
13515.32
13515.32
13515.32
13515.32
13515.32
13515.32
13515.32
13514.64
13510.26
13510.26
13510.26
13510.26
13510.26
13510.26
13510.26
13510.26
13510.26
13510.26
13510.26
13510.26
13510.26
13505.92
13505.92
13505.92
13505.92
13505.92
13505.92
13505.92
13505.92
13505.92
13505.92
13505.92
13505.92
13505.92
13505.92
13505.92
13505.92
13505.92
13505.92
13505.92
13505.92
13505.92
13505.92
13505.92
13505.92
13505.92
13505.92
13505.92
13505.92
13505.92
13505.92
13478.27
13478.27
13478.27
13478.27
13478.27
13478.27
13478.27
13478.27
13478.27
13478.27
13478.27
13478.27
13478.27
13478.27
13478.27
13478.27
13478.27
13478.27
13478.27
13478.27
13478.27
13478.27
13478.27
13478.27
13478.27
13478.27
13479.58
13479.58
13478.54
13478.54
13478.54
13478.54
13478.54
13478.54
13478.54
13478.54
13478.54
13478.54
13478.54
13478.54
13478.54
13478.54
13478.54
13478.54
13478.54
13478.54
13478.54
13478.54
13478.54
13478.54
13478.54
13478.54
13478.54
13478.54
13480.49
13478.54
13479.82
13479.82
13479.82
13479.82
13479.82
13479.82
13479.82
13479.82
13479.82
13479.82
13479.82
13479.82
13481.94
13481.94
13481.94
13481.94
13481.94
13481.94
13481.94
13481.94
13481.94
13481.94
13481.94
13481.94
13481.94
13483.74
13483.74
13483.74
13483.74
13483.74
13483.74
13483.74
13483.74
13483.74
13483.74
13483.74
13483.74
13483.74
13483.74
13483.74
13483.74
13483.74
13483.74
13483.74
13483.74
13483.74
13483.74
13483.74
13483.74
13483.74
13483.74
13483.74
13483.74
13483.74
13481.62
13481.62
13483.57
13481.62
13481.62
13481.62
13481.62
13481.62
13481.62
13481.62
13481.62
13481.62
13481.62
13481.62
13481.13
13481.13
13481.13
13481.13
13481.13
13481.13
13481.13
13481.13
13481.13
13481.13
13481.13
13481.13
13481.13
13480.64
13480.48
13481.52
13481.52
13481.52
13481.52
13481.52
13481.52
13481.52
13481.52
13481.52
13481.52
13481.52
13481.52
13481.52
13481.84
13481.84
13481.84
13481.84
13481.84
13481.84
13481.84
13481.84
13481.84
13481.84
13481.84
13481.84
13481.84
13481.84
13443.32
13391.08
13391.08
13391.08
13391.08
13391.08
13391.08
13391.08
13391.08
13391.08
13391.08
13391.08
13391.08
13391.08
13391.08
13378.28
13378.28
13378.28
13378.28
13378.28
13378.28
13378.28
13378.28
13378.28
13378.28
13378.28
13378.28
13378.28
13354.04
13354.04
13354.04
13354.04
13354.04
13354.04
13354.04
13354.04
13349.61
13349.61
13349.61
13349.61
13349.61
13349.61
13349.61
13349.61
13349.61
13349.61
13349.61
13349.61
13349.61
13346.49
13346.47
13346.47
13346.47
13346.47
13346.47
13346.47
13346.47
13346.47
13346.47
13346.47
13346.47
13346.47
13346.47
13344.99
13344.99
13344.99
13344.99
13344.99
13344.99
13344.99
13344.99
13344.99
13344.99
13344.99
13344.99
13344.99
13344.99
13344.99
13334.29
13334.29
13334.29
13334.29
13334.29
13334.29
13334.29
13334.29
13334.29
13334.29
13334.29
13334.29
13334.29
13334.29
13325.11
13325.11
13310.55
13310.55
13310.55
13310.55
13310.55
13310.55
13310.55
13313.33
13313.82
13365.63
13365.63
13365.63
13365.63
13365.63
13365.63
13365.63
13356.40
13333.23
13333.23
13333.23
13333.23
13333.23
13333.23
13333.23
13333.23
13333.23
13333.23
13333.23
13333.23
13333.23
13349.92
13349.92
13349.92
13349.92
13349.92
13349.92
13349.92
13349.92
13349.92
13349.92
13349.92
13344.48
13344.48
13344.48
13344.48
13344.48
13344.48
13344.48
13344.48
13344.48
13344.48
13344.48
13344.48
13328.72
13328.72
13328.72
13328.72
13328.72
13328.72
13328.72
13328.72
13328.72
13328.72
13328.72
13328.72
13328.72
13328.72
13328.72
13328.72
13328.72
13328.72
13328.72
13328.72
13328.72
13328.72
13328.72
13328.72
13324.59
13324.59
13324.59
13324.59
13324.59
13324.59
13324.59
13324.59
13324.59
13324.59
13324.59
13324.59
13319.28
13319.28
13319.28
13319.28
13319.28
13319.28
13319.28
13319.28
13319.28
13319.28
13319.28
13319.28
13320.42
13320.42
13320.42
13320.42
13320.42
13320.42
13320.42
13320.42
13319.45
13318.94
13318.94
13318.94
13318.94
13318.94
13318.94
13318.94
13318.94
13318.94
13318.94
13318.94
13318.94
13318.94
13318.94
13318.94
13313.89
13310.77
13310.77
13310.77
13310.77
13310.77
13310.77
13310.77
13310.77
13310.77
13310.77
13310.77
13310.77
13310.77
13310.77
13310.77
13310.77
13310.77
13310.77
13310.77
13310.77
13310.77
13310.77
13310.77
13310.77
13310.77
13310.77
13310.77
13312.11
13315.52
13314.48
13314.48
13314.48
13314.48
13314.48
13314.48
13314.48
13314.48
13314.48
13314.48
13314.48
13314.48
13314.48
13314.48
13314.48
13314.48
13314.48
13314.48
13314.48
13314.48
13314.48
13314.48
13314.48
13314.48
13314.48
13314.48
13314.48
13317.60
13325.40
13325.40
13325.40
13325.40
13325.40
13325.40
13325.40
13325.40
13325.40
13325.40
13325.40
13325.40
13325.40
13327.37
13327.37
13329.45
13329.45
13329.45
13329.45
13329.45
13329.45
13329.45
13329.45
13329.45
13329.45
13329.45
13329.45
13332.57
13332.57
13332.57
13332.57
13332.57
13332.57
13332.57
13332.57
13332.57
13332.57
13332.57
13332.57
13326.37
13326.37
13326.37
13326.37
13326.37
13326.37
13326.37
13326.37
13326.37
13326.37
13326.37
13326.37
13326.37
13326.37
13321.20
13315.84
13315.84
13315.84
13315.84
13315.84
13315.84
13315.84
13315.84
13315.84
13315.84
13315.84
13315.84
13315.84
13315.84
13315.84
13316.51
13319.01
13319.01
13319.01
13319.01
13319.01
13319.01
13319.01
13319.01
13319.01
13319.01
13319.01
13319.01
13315.84
13315.84
13315.84
13315.84
13315.84
13315.84
13315.84
13315.84
13315.84
13315.84
13315.84
13315.84
13315.84
13314.83
13302.93
13302.93
13302.93
13302.93
13302.93
13302.93
13302.93
13302.93
13302.93
13302.93
13302.93
13302.93
13302.93
13302.41
13302.41
13301.37
13301.37
13301.37
13301.37
13302.38
13301.89
13303.97
13303.97
13303.97
13302.93
13302.93
13302.93
13302.93
13302.93
13308.63
13308.63
13308.63
13308.63
13308.63
13308.63
13308.63
13308.63
13308.63
13308.63
13308.63
13308.63
13308.63
13308.63
13308.30
13308.85
13308.85
13308.85
13308.85
13308.85
13308.85
13308.85
13308.85
13308.85
13308.85
13308.85
13308.85
13308.85
13308.85
13309.84
13309.84
13311.92
13311.92
13311.92
13311.92
13311.92
13311.92
13311.92
13311.92
13311.92
13311.92
13311.92
13311.92
13312.09
13311.53
13311.53
13311.53
13311.53
13311.53
13311.53
13311.53
13311.53
13311.53
13311.53
13311.53
13311.53
13311.53
13311.53
13311.53
13311.53
13311.53
13311.53
13311.53
13311.53
13311.53
13311.53
13311.53
13311.53
13311.53
13311.53
13311.53
13311.53
13311.53
13307.84
13295.52
13295.52
13295.52
13295.52
13295.52
13295.52
13295.52
13295.52
13295.52
13295.52
13295.52
13295.52
13321.36
13330.59
13328.51
13328.51
13328.51
13328.51
13328.51
13328.51
13328.51
13328.51
13328.51
13328.51
13328.51
13328.51
13337.83
13337.83
13343.03
13343.03
13343.03
13343.03
13343.03
13343.03
13343.03
13343.03
13343.03
13343.03
13343.03
13343.03
13343.03
13343.03
13343.03
13343.03
13343.03
13343.03
13343.03
13343.03
13343.03
13343.03
13343.03
13343.03
13343.03
13343.03
13343.03
13336.35
13336.35
13325.95
13325.95
13325.95
13325.95
13325.95
13325.95
13325.95
13325.95
13325.95
13325.95
13325.95
13325.95
13325.95
13325.95
13325.95
13325.95
13325.95
13325.95
13325.95
13325.95
13325.95
13325.95
13325.95
13325.95
13325.95
13325.95
13323.51
13322.67
13378.35
13376.73
13375.69
13375.69
13424.86
13424.86
13424.86
13398.45
13398.45
13398.45
13398.45
13398.45
13398.45
13398.45
13398.45
13398.45
13398.45
13398.45
13398.45
13398.45
13398.45
13398.45
13398.45
13398.45
13398.45
13429.16
13429.16
13429.16
13429.16
13429.16
13429.16
13429.16
13429.16
13429.16
13429.16
13398.45
13398.29
13398.29
13398.29
13398.29
13398.29
13287.87
13287.87
13287.87
13287.87
13287.87
13296.22
13299.34
13299.34
13299.34
13299.34
13299.34
13299.34
13299.34
13299.34
13299.34
13299.34
13299.34
13299.34
13299.34
13299.34
13280.98
13279.30
13279.30
13279.30
13279.30
13279.30
13279.30
13279.30
13279.30
13279.30
13279.30
13279.30
13279.30
13279.30
13279.30
13279.30
13279.30
13279.30
13279.30
13279.30
13279.30
13279.30
13279.30
13279.30
13279.30
13279.30
13279.30
13279.30
13282.23
13282.06
13282.06
13282.06
13282.06
13282.06
13282.06
13282.06
13282.06
13282.06
13282.06
13282.06
13282.06
13282.06
13282.06
13286.07
13286.07
13279.55
13279.55
13279.55
13279.55
13279.55
13279.55
13279.55
13279.55
13279.55
13279.55
13279.55
13279.55
13273.99
13270.87
13270.87
13270.87
13270.87
13270.87
13270.87
13270.87
13270.87
13270.87
13270.87
13270.87
13270.87
13270.87
13270.87
13270.87
13274.21
13274.21
13352.70
13274.21
13274.21
13274.21
13274.21
13274.21
13274.21
13274.21
13274.21
13274.21
13274.21
13352.70
13260.97
13255.77
13255.77
13255.77
13255.77
13255.77
13255.77
13255.77
13255.77
13255.77
13255.77
13255.77
13255.77
13256.09
13255.05
13255.05
13255.05
13255.05
13255.05
13255.05
13255.05
13255.05
13255.05
13255.05
13255.05
13255.05
13255.05
13256.46
13255.97
13255.97
13255.97
13255.97
13255.97
13255.97
13255.97
13255.97
13255.97
13255.97
13255.97
13255.97
13255.97
13257.92
13258.26
13258.26
13258.26
13258.26
13258.26
13258.26
13258.26
13258.26
13258.26
13258.26
13258.26
13258.26
13258.26
13256.12
13256.12
13256.12
13256.12
13256.12
13256.12
13256.12
13256.12
13256.12
13256.12
13256.12
13256.12
13256.12
13256.12
13256.12
13251.23
13251.23
13251.23
13251.23
13251.23
13251.23
13251.23
13251.23
13251.23
13251.23
13251.23
13251.23
13251.23
13251.23
13253.25
13254.09
13254.09
13254.09
13254.09
13254.09
13254.09
13254.09
13254.09
13254.09
13254.09
13254.09
13254.09
13254.09
13254.09
13255.80
13264.08
13264.08
13264.08
13264.08
13264.08
13264.08
13264.08
13214.20
13214.20
13214.20
13214.20
13214.20
13214.20
13214.20
13214.20
13214.20
13214.20
13214.20
13214.20
13214.20
13208.58
13207.23
13207.23
13207.23
13207.23
13207.23
13207.23
13207.23
13207.23
13207.23
13206.24
13206.24
13206.24
13206.24
13206.24
13206.24
13206.24
13206.24
13206.24
13206.24
13206.24
13206.24
13206.24
13206.24
13206.24
13208.62
13209.29
13209.29
13209.29
13209.29
13209.29
13209.29
13209.29
13209.29
13209.29
13209.29
13209.29
13209.29
13209.29
13209.29
13209.29
13209.29
13209.29
13209.29
13209.29
13209.29
13209.29
13209.29
13209.29
13209.29
13209.29
13209.29
13209.29
13218.43
13223.63
13223.63
13223.63
13223.63
13223.63
13223.63
13223.63
13223.63
13223.63
13223.63
13223.63
13223.63
13223.63
13223.63
13223.63
13226.27
13226.27
13226.27
13226.27
13226.27
13226.27
13226.27
13226.27
13226.27
13226.27
13226.27
13226.27
13226.27
13226.27
13230.10
13230.10
13230.10
13230.10
13230.10
13230.10
13230.10
13230.10
13230.10
13230.10
13230.10
13230.10
13230.10
13230.10
13230.10
13240.20
13240.20
13240.20
13240.20
13240.20
13240.20
13240.20
13240.20
13240.20
13240.20
13240.20
13240.20
13240.20
13240.20
13240.20
13245.07
13250.07
13250.07
13250.07
13250.07
13250.07
13250.07
13250.07
13250.07
13250.07
13250.07
13250.07
13250.07
13250.07
13250.07
13250.07
13250.07
13250.07
13250.07
13250.07
13250.07
13250.07
13250.07
13250.07
13250.07
13250.07
13250.07
13253.97
13254.14
13254.14
13254.14
13254.14
13254.14
13254.14
13254.14
13254.14
13254.14
13254.14
13254.14
13254.14
13254.14
13258.53
13258.53
13258.02
13258.02
13258.02
13258.02
13258.02
13258.02
13258.02
13258.02
13258.02
13258.02
13258.02
13258.69
13250.70
13250.70
13250.70
13250.70
13250.70
13250.70
13250.70
13250.70
13250.70
13250.70
13250.70
13250.70
13250.70
13250.70
13250.70
13250.70
13250.70
13250.70
13250.70
13250.70
13250.70
13250.70
13250.70
13250.70
13250.70
13250.70
13250.70
13249.66
13239.74
13239.74
13239.74
13239.74
13239.74
13239.74
13239.74
13239.74
13239.74
13239.74
13239.74
13239.74
13244.61
13245.45
13244.41
13244.41
13244.41
13244.41
13244.41
13244.41
13244.41
13244.41
13244.41
13244.41
13244.41
13244.41
13244.41
13248.73
13248.73
13248.73
13248.73
13248.73
13248.73
13248.73
13248.73
13248.73
13248.73
13248.73
13248.73
13248.73
13248.73
13248.73
13248.73
13248.73
13248.73
13248.73
13248.73
13248.73
13248.73
13248.73
13248.73
13248.73
13248.73
13248.73
13251.65
13251.65
13251.82
13251.82
13251.82
13251.82
13251.82
13251.82
13251.82
13251.82
13251.82
13251.82
13251.82
13251.82
13251.82
13250.78
13250.78
13250.78
13250.78
13250.78
13250.78
13250.78
13250.78
13250.78
13250.78
13250.78
13250.78
13250.78
13236.32
13237.83
13237.83
13237.83
13237.83
13237.83
13237.83
13238.99
13238.99
13238.99
13239.86
13241.81
13241.81
13241.81
13241.81
13244.23
13244.71
13244.71
13244.71
13244.71
13244.71
13244.71
13244.71
13244.71
13244.71
13244.71
13244.71
13244.71
13244.71
13253.73
13253.73
13253.73
13253.73
13253.73
13253.73
13253.73
13253.73
13253.73
13253.73
13253.73
13253.73
13253.73
13253.73
13253.31
13253.48
13253.48
13253.48
13253.48
13253.48
13253.48
13253.48
13253.48
13253.48
13253.48
13253.48
13253.48
13253.48
13283.10
13283.10
13283.10
13283.10
13303.22
13304.26
13304.26
13304.26
13304.26
13304.26
13304.26
13304.26
13304.26
13304.26
13304.26
13304.26
13304.26
13304.26
13304.26
13304.26
13318.66
13318.66
13318.66
13318.66
13318.66
13318.66
13318.66
13318.66
13318.66
13318.66
13318.66
13318.66
13318.66
13319.50
13321.03
13321.03
13321.03
13321.03
13321.03
13321.03
13321.03
13321.03
13321.03
13321.03
13321.03
13321.03
13321.03
13321.03
13319.23
13320.27
13320.27
13320.27
13320.27
13320.27
13320.27
13320.27
13320.27
13320.27
13320.27
13320.27
13320.27
13320.27
13320.27
13320.27
13320.27
13320.27
13320.27
13320.27
13320.27
13320.27
13320.27
13320.27
13320.27
13320.27
13320.27
13320.27
13320.27
13325.33
13326.37
13326.37
13326.37
13326.37
13326.37
13326.37
13325.33
13325.33
13325.33
13325.33
13325.33
13325.33
13325.33
13325.33
13328.26
13329.30
13329.30
13329.30
13329.30
13329.30
13329.30
13329.30
13329.30
13329.30
13329.30
13324.32
13324.32
13324.32
13324.32
13324.32
13324.32
13324.32
13361.86
13361.86
13361.86
13361.86
13361.86
13361.86
13363.04
13326.96
13326.96
13326.96
13326.96
13326.96
13364.99
13364.99
13364.99
13364.99
13364.99
13364.99
13364.99
13364.99
13322.13
13322.13
13322.13
13322.13
13322.13
13322.13
13322.13
13322.13
13322.13
13322.13
13322.13
13322.13
13322.13
13325.06
13320.36
13320.36
13320.36
13320.36
13320.36
13320.36
13320.36
13320.36
13320.36
13320.36
13318.39
13318.39
13318.39
13318.39
13318.39
13318.39
13318.39
13318.39
13318.39
13318.39
13318.39
13318.39
13318.39
13318.39
13318.39
13318.39
13318.39
13318.39
13318.39
13318.39
13318.39
13318.39
13318.39
13318.39
13318.39
13318.39
13318.39
13318.39
13319.74
13333.65
13333.65
13333.65
13333.65
13333.65
13333.65
13333.65
13333.65
13333.65
13333.65
13333.65
13333.65
13333.65
13333.65
13341.67
13341.67
13341.67
13341.67
13341.67
13341.67
13341.67
13341.67
13341.67
13341.67
13341.67
13341.67
13341.67
13341.67
13345.68
13345.68
13345.68
13345.68
13345.68
13345.68
13349.46
13349.46
13350.50
13350.50
13353.74
13353.74
13353.74
13353.74
13353.74
13354.07
13357.61
13357.61
13357.61
13357.61
13357.61
13357.61
13357.61
13357.61
13357.61
13357.61
13357.61
13357.61
13357.61
13356.57
13356.41
13356.41
13356.41
13356.41
13356.41
13356.41
13356.41
13356.41
13356.41
13356.41
13356.41
13356.41
13356.41
13355.43
13361.64
13361.64
13361.64
13361.64
13361.64
13361.64
13361.64
13361.64
13361.64
13361.64
13361.64
13361.64
13361.64
13361.64
13358.06
13357.02
13357.02
13357.02
13357.02
13357.02
13357.02
13357.02
13357.02
13357.02
13357.02
13357.02
13357.02
13357.02
13357.02
13357.02
13357.02
13357.02
13357.02
13354.94
13354.94
13354.94
13354.94
13354.94
13354.94
13354.94
13354.94
13354.94
13347.48
13347.48
13347.48
13347.48
13347.48
13347.48
13347.48
13347.48
13347.48
13348.52
13348.52
13348.52
13348.52
13348.52
13350.32
13350.32
13350.32
13350.32
13350.32
13350.32
13350.32
13350.32
13350.32
13350.32
13350.32
13350.32
13350.32
13350.32
13356.17
13360.06
13360.06
13360.06
13360.06
13360.06
13360.06
13360.06
13360.06
13360.06
13360.06
13360.06
13360.06
13360.06
13360.06
13360.06
13360.06
13360.06
13360.06
13360.06
13360.06
13360.06
13360.06
13360.06
13360.06
13360.06
13360.06
13360.06
13360.06
13357.63
13358.70
13358.70
13358.70
13358.70
13358.70
13358.70
13358.70
13358.70
13358.70
13358.70
13358.70
13358.70
13358.70
13358.70
13358.70
13358.70
13358.70
13358.70
13358.70
13358.70
13358.70
13358.70
13358.70
13358.70
13358.70
13358.70
13358.70
13381.25
13381.25
13381.25
13381.25
13381.25
13381.25
13381.25
13381.25
13381.25
13381.25
13381.25
13381.25
13381.25
13381.25
13381.25
13378.35
13378.35
13378.35
13378.35
13378.35
13378.35
13378.35
13378.35
13378.35
13378.35
13378.35
13378.35
13378.35
13378.35
13378.35
13375.91
13375.91
13375.91
13375.91
13375.91
13375.91
13375.91
13375.91
13375.91
13375.91
13375.91
13375.91
13375.91
13375.91
13373.95
13373.95
13373.95
13373.95
13373.95
13373.95
13373.95
13373.95
13373.95
13373.95
13373.95
13373.95
13373.95
13373.95
13375.15
13375.15
13375.15
13375.15
13375.15
13375.15
13375.15
13375.15
13375.15
13375.15
13375.15
13375.15
13375.15
13375.15
13374.18
13374.18
13374.18
13374.18
13374.18
13374.18
13374.18
13374.18
13374.18
13374.18
13374.18
13374.18
13374.18
13374.18
13374.18
13321.07
13322.11
13322.11
13322.11
13322.11
13322.11
13322.11
13322.11
13322.11
13322.11
13322.11
13322.11
13322.11
13322.11
13321.11
13321.11
13321.11
13321.11
13321.11
13321.11
13321.11
13321.11
13321.11
13321.11
13321.11
13321.11
13321.11
13317.69
13314.41
13314.41
13314.41
13314.41
13314.41
13314.41
13314.41
13314.41
13314.41
13314.41
13314.41
13314.41
13314.41
13314.41
13362.73
13362.73
13362.73
13362.73
13362.73
13362.73
13362.73
13362.73
13362.73
13362.73
13362.73
13362.73
13362.73
13362.73
13324.22
13285.74
13285.74
13285.74
13285.74
13285.74
13285.74
13285.74
13285.74
13285.74
13285.74
13285.74
13285.74
13285.74
13285.74
13274.49
13269.62
13269.62
13269.62
13269.62
13269.62
13269.62
13269.62
13269.62
13269.62
13269.62
13269.62
13269.62
13269.62
13253.08
13253.08
13256.20
13256.20
13256.20
13256.20
13256.20
13256.20
13256.20
13256.20
13256.20
13256.20
13356.16
13356.16
13356.16
13356.16
13356.16
13356.16
13356.16
13361.85
13374.34
13374.34
13374.34
13374.34
13374.34
13374.34
13374.34
13374.34
13374.34
13374.34
13374.34
13374.34
13374.34
13374.34
13364.59
13364.08
13364.08
13364.08
13364.08
13364.08
13364.08
13364.08
13364.08
13364.08
13364.08
13364.08
13364.08
13364.08
13364.08
13364.08
13364.08
13364.08
13364.08
13364.08
13364.08
13364.08
13364.08
13364.08
13364.08
13364.08
13364.08
13364.08
13364.08
13331.49
13330.45
13330.45
13330.45
13330.45
13330.45
13330.45
13330.45
13330.45
13330.45
13330.45
13330.45
13330.45
13330.45
13384.14
13385.15
13385.15
13385.15
13385.15
13385.15
13385.15
13385.15
13385.15
13385.15
13385.15
13385.15
13395.87
13399.77
13399.77
13399.77
13399.77
13399.77
13399.77
13399.77
13399.77
13399.77
13399.77
13399.77
13399.77
13399.77
13408.54
13411.09
13411.09
13411.09
13411.09
13411.09
13411.09
13411.09
13411.09
13411.09
13411.09
13411.09
13410.05
13410.05
13410.05
13410.05
13410.05
13410.05
13410.05
13410.05
13410.05
13410.05
13410.05
13410.05
13410.05
13410.05
13410.05
13410.05
13410.05
13398.84
13398.91
13398.91
13398.91
13398.91
13398.91
13398.91
13398.91
13398.91
13398.91
13398.91
13398.91
13398.91
13398.91
13398.91
13392.08
13392.08
13392.08
13392.08
13392.08
13392.08
13392.08
13392.08
13392.08
13392.08
13392.08
13392.08
13392.08
13392.08
13389.63
13388.59
13388.59
13388.59
13388.59
13388.59
13388.59
13388.59
13388.59
13388.59
13388.59
13388.59
13388.59
13388.59
13388.59
13388.59
13388.59
13388.59
13388.59
13388.59
13388.59
13388.59
13388.59
13388.59
13388.59
13388.59
13388.59
13388.59
13388.59
13388.59
13402.24
13406.50
13406.50
13406.50
13406.50
13406.50
13406.50
13406.50
13406.50
13406.50
13406.50
13406.50
13406.50
13406.50
13406.50
13406.50
13406.50
13406.50
13406.50
13406.50
13406.50
13406.50
13406.50
13406.50
13406.50
13406.50
13406.50
13406.50
13406.50
13406.50
13406.50
13406.50
13407.09
13407.09
13407.09
13407.09
13407.09
13407.09
13407.09
13407.09
13407.09
13407.09
13407.09
13407.09
13407.09
13401.24
13400.70
13400.70
13400.70
13400.70
13400.70
13400.70
13400.70
13400.70
13400.70
13400.70
13400.70
13400.70
13400.70
13410.06
13410.06
13410.06
13410.06
13410.06
13410.06
13410.06
13410.06
13410.06
13410.06
13410.06
13410.06
13410.06
13410.06
13406.31
13405.27
13405.27
13405.27
13405.27
13405.27
13405.27
13405.27
13405.27
13405.27
13405.27
13405.27
13405.27
13405.27
13405.27
13404.60
13399.24
13399.24
13399.24
13399.24
13399.24
13399.24
13399.24
13399.24
13399.24
13399.24
13399.24
13399.24
13399.24
13399.24
13399.24
13399.24
13399.24
13399.24
13399.24
13399.24
13399.24
13399.24
13399.24
13399.24
13399.24
13399.24
13399.24
13402.71
13402.71
13402.71
13402.71
13402.71
13402.71
13402.71
13402.71
13402.71
13402.71
13402.71
13402.71
13402.71
13402.71
13355.58
13355.58
13355.58
13355.58
13355.58
13355.58
13355.58
13355.58
13355.58
13355.58
13355.58
13355.58
13355.58
13355.58
13382.39
13374.71
13374.71
13374.71
13374.71
13374.71
13331.81
13332.48
13332.48
13332.48
13330.36
13330.36
13330.36
13330.36
13330.36
13330.70
13376.03
13376.03
13376.03
13376.03
13376.03
13376.03
13376.03
13376.03
13376.03
13376.03
13376.03
13376.03
13376.03
13375.70
13374.23
13374.23
13374.23
13374.23
13374.23
13374.23
13374.23
13374.23
13374.23
13374.23
13374.23
13374.23
13374.23
13374.23
13338.51
13338.51
13338.51
13338.51
13338.51
13338.51
13338.51
13338.51
13338.51
13338.51
13338.51
13338.51
13338.51
13338.51
13382.87
13383.88
13384.92
13384.92
13384.92
13384.92
13384.92
13384.92
13384.92
13384.92
13384.92
13384.92
13384.92
13384.92
13384.92
13384.92
13384.92
13384.92
13384.92
13384.92
13384.92
13384.92
13384.92
13384.92
13384.92
13384.92
13384.92
13378.10
13375.75
13373.67
13373.67
13373.67
13373.67
13373.67
13373.67
13373.67
13373.67
13373.67
13373.67
13373.67
13373.67
13373.67
13366.15
13380.71
13380.71
13380.71
13380.71
13380.71
13380.71
13380.71
13380.71
13380.71
13380.71
13380.71
13380.71
13380.71
13376.43
13376.43
13376.43
13376.43
13376.43
13376.43
13376.43
13376.43
13376.43
13376.43
13376.43
13376.43
13376.43
13376.43
13376.43
13376.43
13376.43
13376.43
13376.43
13376.43
13376.43
13376.43
13376.43
13376.43
13376.43
13376.43
13376.43
13376.43
13376.43
13375.30
13375.30
13375.30
13375.30
13375.30
13375.30
13375.30
13375.30
13375.30
13375.30
13375.30
13375.30
13375.30
13375.30
13375.30
13384.77
13389.97
13389.97
13389.97
13389.97
13389.97
13389.97
13389.97
13389.97
13389.97
13389.97
13389.97
13389.97
13400.20
13404.47
13404.47
13404.47
13404.47
13404.47
13404.47
13404.47
13404.47
13404.47
13404.47
13404.47
13404.47
13404.47
13404.47
13405.24
13405.24
13405.24
13405.24
13405.24
13405.24
13405.24
13405.24
13405.24
13405.24
13405.24
13405.24
13405.24
13405.90
13405.90
13405.90
13405.90
13405.90
13405.90
13405.90
13405.90
13405.90
13405.90
13405.90
13405.90
13405.90
13405.90
13405.90
13403.46
13403.46
13403.46
13403.46
13403.46
13403.46
13403.46
13403.46
13403.46
13403.46
13403.46
13403.46
13403.46
13403.46
13403.46
13404.77
13404.77
13404.77
13404.77
13404.77
13404.77
13404.77
13404.77
13404.77
13404.77
13404.77
13404.77
13404.77
13404.77
13405.75
13405.91
13405.91
13405.91
13405.91
13405.91
13405.91
13405.91
13405.91
13405.91
13405.91
13405.91
13405.91
13405.91
13405.91
13405.91
13405.91
13405.91
13405.91
13405.91
13405.91
13405.91
13405.91
13405.91
13405.91
13405.91
13405.91
13405.91
13408.35
13409.02
13409.02
13409.02
13409.02
13409.02
13409.02
13409.02
13409.02
13409.02
13409.02
13409.02
13409.02
13409.02
13409.02
13410.06
13410.23
13410.23
13410.23
13410.23
13410.23
13410.23
13410.23
13410.23
13410.23
13410.23
13410.23
13410.23
13410.23
13410.23
13411.27
13411.44
13411.44
13411.44
13411.44
13411.44
13411.44
13411.44
13411.44
13411.44
13411.44
13411.44
13411.44
13361.91
13358.88
13358.88
13358.88
13358.88
13358.88
13358.88
13358.88
13358.88
13358.88
13358.88
13358.88
13358.88
13358.88
13347.95
13348.43
13348.43
13348.43
13348.43
13348.43
13348.43
13348.43
13348.43
13348.43
13348.43
13348.43
13348.43
13348.43
13348.59
13348.59
13348.59
13348.59
13348.59
13348.59
13384.99
13384.99
13384.99
13384.99
13384.99
13384.99
13384.99
13384.99
13384.99
13385.13
13389.29
13389.29
13389.29
13389.29
13389.29
13389.29
13389.29
13389.29
13389.29
13389.29
13389.29
13389.29
13389.29
13389.29
13388.48
13388.48
13386.40
13386.40
13386.40
13386.40
13386.40
13386.40
13386.40
13386.40
13386.40
13386.40
13386.40
13386.40
13386.40
13386.40
13386.40
13404.97
13404.97
13404.97
13404.97
13404.97
13404.97
13404.97
13404.97
13404.97
13404.97
13404.97
13404.97
13404.48
13405.82
13407.90
13407.90
13407.90
13407.90
13407.90
13407.90
13407.90
13407.90
13407.90
13407.90
13407.90
13407.90
13407.90
13407.90
13412.22
13412.22
13412.22
13412.22
13412.22
13412.22
13412.22
13412.22
13412.22
13412.22
13412.49
13412.49
13412.49
13412.49
13412.49
13412.49
13412.49
13412.49
13412.49
13412.49
13412.49
13412.49
13412.49
13423.91
13428.07
13428.07
13428.07
13428.07
13428.07
13428.07
13428.07
13428.07
13428.07
13428.07
13428.07
13428.07
13428.07
13428.07
13428.07
13428.07
13428.07
13428.07
13428.07
13428.07
13428.07
13428.07
13428.07
13428.07
13428.07
13428.07
13428.07
13427.73
13423.34
13423.34
13423.34
13423.34
13423.34
13423.34
13423.34
13423.34
13423.34
13423.34
13423.34
13423.34
13423.34
13423.34
13431.36
13431.36
13431.36
13431.36
13431.36
13431.36
13431.36
13431.36
13431.36
13431.36
13431.36
13431.36
13431.36
13431.36
13431.53
13434.65
13434.65
13434.65
13434.65
13434.65
13434.65
13434.65
13434.65
13434.65
13434.65
13434.65
13434.65
13434.65
13434.65
13432.26
13432.26
13432.26
13432.26
13432.26
13432.26
13432.26
13432.26
13432.26
13432.26
13432.26
13432.26
13432.26
13434.87
13434.87
13434.87
13434.87
13434.87
13434.87
13434.87
13434.87
13434.87
13434.87
13434.87
13434.87
13434.87
13434.87
13434.87
13434.87
13434.87
13434.87
13434.87
13434.87
13434.87
13434.87
13434.87
13433.83
13433.83
13433.83
13433.83
13433.83
13433.99
13439.84
13439.84
13439.84
13439.84
13439.84
13439.84
13439.84
13439.84
13439.84
13439.84
13439.84
13439.84
13439.84
13439.84
13439.84
13438.50
13439.54
13439.54
13439.54
13439.54
13439.54
13439.54
13439.54
13441.05
13441.05
13441.54
13441.54
13441.37
13441.37
13441.37
13441.37
13441.37
13441.37
13441.37
13441.37
13441.37
13441.37
13441.37
13441.37
13441.37
13441.37
13441.37
13441.37
13441.37
13441.37
13441.37
13441.37
13441.37
13441.37
13441.37
13441.37
13441.37
13441.37
13441.37
13441.37
13438.58
13438.58
13438.58
13438.58
13438.58
13438.58
13438.58
13438.58
13438.58
13438.58
13438.58
13438.58
13438.58
13439.08
13444.93
13444.93
13444.93
13444.93
13444.93
13444.93
13444.93
13444.93
13444.93
13444.93
13444.93
13444.93
13444.93
13444.93
13444.93
13444.93
13444.93
13444.93
13444.93
13444.93
13444.93
13444.93
13444.93
13444.93
13444.93
13442.41
13420.15
13420.15
13420.15
13420.15
13420.15
13420.15
13420.15
13420.15
13420.15
13420.15
13420.15
13420.15
13420.15
13416.25
13415.04
13415.04
13415.04
13415.04
13415.04
13415.04
13415.04
13415.04
13415.04
13415.04
13415.04
13415.04
13415.04
13411.56
13410.72
13410.72
13410.72
13410.72
13410.72
13411.73
13411.73
13411.73
13411.73
13411.73
13411.73
13411.73
13409.55
13388.49
13388.49
13388.49
13388.49
13388.49
13388.49
13388.49
13388.49
13388.49
13388.49
13388.49
13388.49
13388.49
13375.90
13375.90
13375.90
13375.90
13375.90
13375.90
13375.90
13375.90
13375.90
13375.90
13375.90
13375.90
13375.90
13375.90
13376.54
13382.78
13382.78
13382.78
13382.78
13382.78
13382.78
13382.78
13382.78
13382.78
13382.78
13382.78
13382.78
13382.78
13383.82
13385.77
13385.77
13385.77
13385.77
13385.77
13385.77
13385.77
13385.77
13385.77
13385.77
13385.77
13385.77
13385.77
13385.77
13385.77
13385.77
13385.77
13385.77
13385.77
13385.77
13385.77
13385.77
13385.77
13385.77
13385.77
13385.77
13385.77
13383.25
13383.25
13383.25
13383.25
13383.25
13383.25
13383.25
13383.25
13383.25
13383.25
13383.25
13383.25
13383.25
13383.25
13380.40
13380.40
13380.40
13380.40
13380.40
13380.40
13380.40
13380.40
13380.40
13380.40
13380.40
13380.40
13380.40
13375.70
13345.18
13345.18
13345.18
13345.18
13345.18
13345.18
13345.18
13345.18
13345.18
13345.18
13345.18
13345.18
13345.18
13345.18
13350.38
13350.38
13394.10
13394.10
13394.10
13394.10
13394.10
13394.10
13394.10
13394.10
13394.10
13394.10
13394.10
13394.10
13389.03
13387.01
13389.03
13389.03
13389.03
13389.03
13389.03
13389.03
13389.03
13389.03
13389.03
13389.03
13389.03
13389.03
13389.03
13389.03
13389.03
13389.03
13389.03
13389.03
13389.03
13389.03
13389.03
13389.03
13389.03
13389.03
13389.03
13390.07
13387.78
13387.78
13387.78
13387.78
13387.78
13387.78
13387.78
13387.78
13387.78
13387.78
13387.78
13387.78
13387.78
13387.78
13387.78
13387.78
13387.78
13387.78
13387.78
13387.78
13387.78
13387.78
13387.78
13387.78
13387.78
13387.78
13387.78
13388.27
13378.97
13378.97
13378.97
13378.97
13378.97
13378.97
13378.97
13378.97
13378.97
13378.97
13378.97
13378.97
13378.97
13381.71
13381.71
13381.71
13381.71
13381.71
13381.71
13381.71
13381.71
13381.71
13381.71
13381.71
13381.71
13381.71
13379.96
13379.96
13379.96
13379.96
13379.96
13379.96
13379.96
13379.96
13379.96
13379.96
13379.96
13379.96
13379.96
13379.96
13380.83
13380.83
13380.83
13380.83
13380.83
13380.83
13380.83
13380.83
13380.83
13380.83
13380.83
13380.83
13382.63
13384.71
13384.71
13384.71
13384.71
13384.71
13384.71
13384.71
13384.71
13384.71
13384.71
13384.71
13384.71
13384.71
13386.96
13386.96
13386.96
13386.96
13386.96
13386.96
13386.96
13386.96
13386.96
13386.96
13386.96
13386.96
13386.96
13387.83
13387.83
13387.83
13387.83
13387.83
13387.83
13387.83
13387.83
13387.83
13387.83
13387.83
13387.83
13387.83
13387.83
13387.83
13387.83
13387.83
13387.83
13387.83
13387.83
13387.83
13387.83
13387.83
13387.83
13387.83
13387.83
13387.83
13387.83
13353.77
13352.94
13352.94
13352.94
13352.94
13352.94
13352.94
13352.94
13352.94
13352.94
13352.94
13352.94
13352.94
13352.94
13323.77
13323.77
13323.77
13323.77
13323.77
13323.77
13323.77
13323.77
13323.77
13323.77
13323.77
13323.77
13323.77
13268.22
13268.22
13268.22
13268.22
13268.22
13268.22
13268.22
13268.22
13268.22
13268.22
13268.22
13268.22
13268.22
13283.76
13283.76
13308.73
13308.73
13308.73
13308.73
13308.73
13308.73
13308.73
13308.73
13308.73
13308.73
13308.73
13308.73
13294.83
13294.83
13294.83
13294.83
13294.83
13294.83
13294.83
13294.83
13294.83
13294.83
13294.83
13294.83
13294.83
13303.31
13307.47
13307.47
13307.47
13307.47
13307.47
13307.47
13307.47
13307.47
13307.47
13307.47
13307.47
13307.47
13307.47
13318.90
13318.90
13318.90
13318.90
13318.90
13318.90
13318.90
13318.90
13318.90
13318.90
13318.90
13318.90
13318.90
13318.90
13318.90
13319.39
13319.39
13319.39
13319.39
13319.39
13319.39
13319.39
13319.39
13319.39
13314.65
13310.49
13310.49
13310.49
13310.49
13310.49
13310.49
13310.49
13310.49
13310.49
13310.49
13310.49
13310.49
13310.49
13310.49
13310.49
13310.49
13310.49
13310.49
13310.49
13310.49
13310.49
13310.49
13310.49
13310.49
13310.49
13310.49
13310.49
13310.49
13310.49
13310.49
13310.49
13310.49
13310.49
13310.49
13310.49
13310.49
13310.49
13310.49
13310.49
13310.49
13310.49
13310.49
13310.49
13310.49
13310.49
13310.49
13310.49
13310.49
13310.49
13310.49
13310.49
13310.49
13310.49
13310.49
13310.49
13310.49
13310.49
13310.49
13310.49
13400.49
13399.82
13399.82
13399.82
13399.82
13399.82
13399.82
13399.82
13399.82
13399.82
13399.82
13399.82
13399.82
13406.65
13408.83
13408.83
13408.83
13408.83
13408.83
13408.83
13408.83
13408.83
13408.83
13408.83
13408.83
13408.83
13421.10
13423.18
13423.18
13423.18
13423.18
13423.18
13423.18
13423.18
13423.18
13423.18
13423.18
13423.18
13423.18
13410.15
13410.15
13407.03
13407.03
13407.03
13407.03
13407.03
13407.03
13407.03
13407.03
13407.03
13407.03
13407.03
13407.03
13407.03
13407.03
13407.03
13407.03
13407.03
13407.03
13407.03
13407.03
13407.03
13407.03
13407.03
13407.03
13407.20
13436.35
13436.35
13436.35
13436.35
13436.35
13436.35
13436.35
13436.35
13436.35
13436.35
13436.35
13436.35
13436.35
13436.35
13431.73
13431.73
13431.73
13431.73
13431.73
13431.73
13431.73
13431.73
13431.73
13431.73
13431.73
13431.73
13431.73
13430.56
13430.56
13430.56
13430.56
13430.56
13430.56
13430.56
13430.56
13430.56
13430.56
13430.56
13430.56
13430.56
13428.61
13431.89
13431.89
13431.89
13431.89
13431.89
13431.89
13431.89
13431.89
13431.89
13431.89
13431.89
13431.89
13431.89
13431.89
13431.89
13431.89
13431.89
13431.89
13431.89
13431.89
13431.89
13431.89
13436.05
13436.05
13436.05
13436.05
13436.05
13439.34
13439.34
13439.34
13439.34
13439.34
13439.34
13439.34
13439.34
13439.34
13439.34
13439.34
13439.34
13442.29
13442.29
13442.29
13442.29
13442.29
13442.29
13442.29
13442.29
13442.29
13442.29
13442.29
13442.29
13442.29
13442.29
13442.29
13445.87
13445.87
13445.87
13445.87
13445.87
13445.87
13445.87
13445.87
13445.87
13445.87
13445.87
13445.87
13445.87
13444.83
13444.83
13444.83
13444.83
13444.83
13444.83
13444.83
13444.83
13444.83
13444.83
13444.83
13444.83
13444.83
13446.01
13454.49
13454.49
13454.49
13454.49
13454.49
13454.49
13454.49
13454.49
13454.49
13454.49
13454.49
13454.49
13454.49
13454.49
13454.49
13454.49
13454.49
13454.49
13454.49
13454.49
13454.49
13454.49
13454.49
13454.49
13454.49
13454.49
13454.49
13454.49
13452.03
13452.03
13452.03
13452.03
13452.03
13452.03
13452.03
13452.03
13452.03
13452.03
13452.03
13452.03
13452.03
13452.03
13449.59
13449.25
13449.25
13449.25
13449.25
13449.25
13449.25
13449.25
13449.25
13449.25
13449.25
13449.25
13449.25
13447.78
13447.78
13447.78
13447.78
13447.78
13447.78
13447.78
13447.78
13447.78
13447.78
13447.78
13447.78
13447.78
13447.78
13447.78
13448.75
13449.76
13449.76
13449.76
13449.76
13449.76
13449.76
13449.76
13449.76
13449.76
13449.76
13449.76
13449.76
13449.93
13452.01
13452.01
13452.01
13452.01
13452.01
13452.01
13452.01
13452.01
13452.01
13452.01
13452.01
13452.01
13452.17
13452.66
13452.66
13452.66
13452.66
13452.66
13452.66
13452.66
13452.66
13452.66
13452.66
13452.66
13452.66
13452.66
13452.16
13448.26
13448.26
13448.74
13448.74
13448.74
13448.74
13448.74
13448.74
13448.74
13448.74
13448.74
13448.74
13448.74
13448.74
13448.74
13448.74
13448.74
13448.74
13448.74
13448.74
13448.74
13448.74
13448.74
13448.74
13448.74
13448.74
13448.58
13442.40
13442.40
13442.40
13442.40
13442.40
13442.40
13442.40
13442.40
13442.40
13442.40
13442.40
13442.40
13442.40
13443.33
13443.33
13443.33
13443.33
13443.33
13443.33
13443.33
13443.33
13443.33
13443.33
13443.33
13443.33
13443.33
13415.31
13414.47
13414.47
13414.47
13414.47
13414.47
13413.13
13401.69
13401.69
13401.69
13401.35
13400.38
13400.38
13400.38
13400.38
13401.42
13403.85
13403.85
13403.85
13403.85
13403.85
13403.85
13403.85
13403.85
13403.85
13403.85
13403.85
13403.85
13413.15
13424.36
13424.36
13424.36
13424.36
13424.36
13424.36
13424.36
13424.36
13424.36
13424.36
13424.36
13424.36
13424.36
13424.03
13423.47
13423.47
13423.47
13423.47
13423.47
13423.47
13423.47
13423.47
13423.47
13423.47
13423.47
13423.47
13428.87
13433.03
13433.03
13433.03
13433.03
13433.03
13433.03
13433.03
13433.03
13433.03
13433.03
13433.03
13433.03
13433.03
13433.03
13433.03
13433.03
13433.03
13433.03
13433.03
13433.03
13433.03
13433.03
13433.03
13433.03
13433.03
13433.03
13433.03
13467.19
13467.19
13467.19
13467.19
13467.19
13467.19
13467.19
13467.19
13467.19
13467.19
13467.19
13467.19
13467.19
13467.19
13464.12
13464.12
13464.12
13464.12
13464.12
13464.12
13464.12
13464.12
13464.12
13464.12
13464.12
13464.12
13464.12
13464.12
13461.75
13461.75
13461.75
13461.75
13461.75
13461.75
13461.75
13461.75
13461.75
13461.75
13461.75
13461.75
13461.75
13461.75
13461.75
13472.27
13473.31
13473.31
13473.31
13473.31
13473.31
13473.31
13473.31
13473.31
13473.31
13473.31
13473.31
13473.31
13485.97
13493.25
13493.25
13493.25
13493.25
13493.25
13493.25
13493.25
13493.25
13493.25
13493.25
13493.25
13493.25
13493.25
13493.25
13493.25
13493.25
13493.25
13493.25
13493.25
13493.25
13493.25
13493.25
13493.25
13493.25
13493.25
13493.25
13489.05
13471.50
13473.58
13473.58
13473.58
13473.58
13473.58
13473.58
13473.58
13473.58
13473.58
13473.58
13473.58
13473.58
13473.58
13473.58
13473.58
13473.58
13473.58
13473.58
13473.58
13473.58
13473.58
13473.58
13473.58
13473.58
13473.58
13473.58
13479.14
13478.10
13478.10
13478.10
13478.10
13478.10
13478.10
13478.10
13478.10
13478.10
13478.10
13478.10
13478.10
13478.10
13478.10
13478.81
13478.81
13478.81
13478.81
13478.81
13478.81
13478.81
13478.81
13478.81
13478.81
13478.81
13478.81
13478.81
13479.63
13480.67
13480.67
13480.67
13480.67
13480.67
13480.67
13480.67
13480.67
13480.67
13480.67
13480.67
13480.67
13481.33
13481.33
13481.33
13481.33
13481.33
13481.33
13481.33
13481.33
13481.33
13481.33
13481.33
13481.33
13481.33
13481.33
13481.83
13481.83
13481.83
13481.83
13481.83
13481.83
13481.83
13481.83
13481.83
13481.83
13481.83
13481.83
13481.83
13481.83
13481.98
13481.98
13481.98
13481.98
13481.98
13481.98
13481.98
13481.98
13481.98
13481.98
13481.98
13481.98
13481.98
13481.98
13480.67
13480.67
13480.67
13480.67
13480.67
13480.67
13480.67
13480.67
13480.67
13480.67
13480.67
13480.67
13480.67
13480.67
13480.67
13480.84
13481.33
13481.33
13481.33
13481.33
13481.33
13481.33
13481.33
13481.33
13481.33
13481.33
13481.33
13481.33
13481.33
13439.70
13439.70
13439.70
13439.70
13439.70
13439.70
13439.70
13439.70
13439.70
13439.70
13439.70
13439.70
13439.70
13439.70
13403.29
13403.29
13403.29
13403.29
13403.29
13403.29
13403.29
13403.29
13403.29
13403.29
13403.29
13403.29
13403.29
13403.29
13404.48
13404.48
13404.48
13404.48
13404.48
13404.48
13404.48
13404.48
13404.48
13404.48
13404.48
13404.48
13404.48
13404.48
13407.24
13407.24
13407.24
13407.24
13407.24
13407.24
13407.24
13407.24
13407.24
13407.24
13407.24
13407.24
13407.24
13407.24
13392.94
13391.93
13391.93
13391.93
13391.93
13391.93
13391.93
13391.93
13391.93
13391.93
13391.93
13391.93
13391.93
13391.93
13405.23
13405.23
13405.23
13405.23
13405.23
13405.23
13405.23
13405.23
13405.23
13405.23
13405.23
13405.23
13405.23
13405.23
13414.18
13414.18
13414.18
13414.18
13414.18
13414.18
13414.18
13414.18
13414.18
13414.18
13414.18
13414.18
13414.18
13414.18
13403.17
13403.17
13403.17
13403.17
13403.17
13403.17
13403.17
13403.17
13403.17
13402.50
13394.44
13394.44
13394.44
13394.44
13394.44
13394.44
13394.44
13394.44
13394.44
13394.44
13394.44
13394.44
13394.44
13394.44
13394.44
13394.44
13394.44
13394.44
13394.44
13394.44
13394.44
13394.44
13394.44
13394.44
13394.44
13394.44
13394.44
13394.44
13394.44
13394.44
13394.44
13394.44
13394.44
13394.44
13394.44
13394.44
13394.44
13394.44
13394.44
13394.44
13394.44
13394.44
13394.44
13394.44
13497.68
13494.30
13494.30
13510.96
13512.00
13512.00
13512.00
13512.00
13512.00
13512.00
13512.00
13512.00
13512.00
13512.00
13512.00
13512.00
13512.00
13509.56
13518.22
13518.22
13518.22
13518.22
13518.22
13518.22
13518.22
13518.22
13518.22
13533.11
13533.11
13533.11
13533.11
13533.11
13533.11
13533.11
13533.11
13533.11
13533.11
13533.11
13533.11
13533.11
13533.11
13515.43
13515.43
13515.43
13515.43
13515.43
13515.43
13515.43
13515.43
13515.43
13515.43
13515.43
13515.43
13515.43
13515.43
13515.43
13515.43
13515.43
13515.43
13515.43
13515.43
13515.43
13515.43
13515.43
13515.43
13515.43
13515.43
13515.43
13532.50
13538.44
13538.44
13538.44
13538.44
13538.44
13538.44
13538.44
13538.44
13538.44
13538.44
13538.44
13538.44
13538.44
13538.44
13538.44
13538.44
13538.44
13538.44
13542.83
13544.17
13544.17
13544.17
13544.17
13544.17
13544.17
13544.17
13544.66
13544.99
13544.99
13544.99
13544.99
13544.99
13544.99
13544.99
13544.99
13544.99
13544.99
13544.99
13544.99
13544.99
13544.99
13551.04
13551.04
13551.04
13551.04
13551.04
13551.04
13551.04
13551.04
13551.04
13551.04
13551.04
13551.04
13551.04
13551.04
13551.04
13551.04
13551.04
13551.04
13551.04
13551.04
13551.04
13551.04
13551.04
13551.04
13551.04
13551.04
13551.04
13549.29
13549.29
13549.29
13549.29
13549.29
13549.29
13549.29
13549.29
13549.29
13549.29
13549.29
13549.29
13549.29
13549.29
13549.29
13552.28
13552.28
13552.28
13552.28
13552.28
13552.28
13552.28
13552.28
13552.28
13552.28
13552.28
13552.28
13552.28
13553.99
13555.94
13555.94
13555.94
13555.94
13555.94
13555.94
13555.94
13555.94
13555.94
13555.94
13555.94
13554.03
13554.03
13555.00
13555.17
13556.21
13556.21
13556.21
13556.21
13556.21
13556.21
13556.21
13556.21
13556.21
13556.21
13556.21
13556.21
13556.21
13556.21
13557.89
13564.71
13564.71
13564.71
13564.71
13564.71
13564.71
13564.71
13564.71
13564.71
13564.71
13564.71
13564.71
13564.71
13564.71
13569.76
13569.76
13569.76
13569.76
13569.76
13569.76
13569.76
13569.76
13569.76
13569.76
13569.76
13569.76
13568.85
13569.01
13569.01
13569.01
13569.01
13569.01
13569.01
13569.01
13569.01
13569.01
13569.01
13569.01
13569.01
13569.01
13569.01
13569.01
13569.01
13571.32
13573.40
13573.40
13573.40
13573.40
13573.40
13573.40
13573.40
13573.40
13573.40
13573.40
13570.29
13570.29
13570.29
13570.29
13570.29
13570.29
13570.29
13570.29
13570.29
13570.29
13570.29
13570.29
13570.29
13570.29
13570.29
13570.29
13570.29
13570.29
13570.29
13570.29
13570.29
13570.29
13570.29
13570.29
13570.29
13570.29
13570.29
13570.29
13570.29
13571.60
13571.60
13571.60
13571.60
13571.60
13571.60
13571.60
13571.60
13571.60
13571.60
13571.60
13571.60
13571.60
13571.60
13570.14
13569.80
13570.84
13570.84
13608.29
13570.84